✅ 26 7 34 88 1 85 52 44 10 20 61 41 76 51 70 99 80 91 66 74 55 45 49 96 72 69 42 87 35 46 28 15 58 30 93 48 60 83 43 68 37 98 53 23 62 100 56 2 29 25 24 11 97 14 22 9 92 32 13 6 63 89 31 84 95 18 54 57 90 71 27 21 64 19 86 50 38 3 47 16 39 5 59 12 79 8 94 17 81 4 82 75 73 33 40 78 77 65 67 36 
✅ 26 86 56 15 96 60 16 25 65 20 91 54 39 27 99 35 59 76 88 22 37 61 24 97 87 38 58 66 57 98 100 67 53 68 95 4 32 19 2 18 46 23 14 6 84 52 89 3 36 21 51 42 12 48 62 50 71 11 30 70 43 81 40 41 94 79 10 63 74 93 31 49 92 34 17 83 7 85 55 69 80 13 72 64 1 45 78 8 5 33 82 90 47 28 9 77 75 73 29 44 
✅ 441 430 216 109 477 85 299 424 78 42 249 150 211 408 218 145 295 438 51 126 191 318 481 472 247 138 229 342 220 469 261 96 405 278 111 421 463 75 406 200 490 317 479 286 53 388 173 399 343 370 336 439 445 415 167 135 257 414 361 172 196 35 21 466 348 12 234 349 228 346 323 267 389 302 304 6 476 486 396 81 79 327 230 489 376 291 371 325 223 473 9 331 24 357 279 262 199 38 207 432 68 110 482 390 393 204 341 70 115 493 155 266 22 215 41 158 500 1 455 36 10 380 398 442 30 419 214 149 102 190 298 134 198 162 363 205 37 379 381 452 362 464 475 185 163 67 454 44 146 324 332 151 245 372 474 485 152 55 377 221 144 99 478 269 446 32 351 49 300 288 106 320 31 460 356 369 91 127 483 122 201 179 283 86 66 209 458 45 101 142 385 373 254 29 227 310 180 100 404 123 14 358 72 47 217 277 301 345 90 177 403 330 171 264 496 95 297 265 97 306 275 184 16 34 312 316 355 176 240 174 459 488 339 225 141 148 231 353 433 121 296 328 453 435 112 140 84 82 203 334 7 92 186 457 354 237 57 338 309 423 447 238 450 456 93 130 499 166 498 18 284 125 4 467 292 39 63 133 219 164 375 258 69 394 154 319 401 116 431 56 289 76 252 322 282 202 411 131 436 287 104 242 497 194 274 94 88 74 366 248 153 147 143 465 17 159 8 428 400 410 3 397 449 136 182 46 365 224 352 119 117 105 256 444 409 87 98 468 80 193 429 43 384 239 226 311 437 378 340 192 243 212 157 33 139 294 222 364 183 276 425 65 326 427 271 484 124 313 413 2 5 273 59 337 62 350 161 462 308 395 156 344 305 420 268 208 391 108 281 197 89 13 461 470 232 64 383 160 285 15 367 187 280 471 132 235 448 329 307 50 263 259 360 387 253 335 178 128 175 314 168 246 416 303 418 359 491 272 210 255 195 120 402 386 315 374 181 333 368 480 382 426 113 169 260 189 48 241 392 293 77 244 129 251 188 170 434 20 71 290 422 137 118 103 23 417 233 19 492 321 73 11 440 412 28 58 270 347 40 52 165 60 27 213 114 443 495 61 26 407 83 206 250 107 487 25 451 494 54 236 
✅ 219 17 379 321 5 420 86 16 441 266 217 161 460 401 256 481 187 137 215 160 364 163 37 176 296 394 152 388 204 120 27 254 231 156 131 280 162 8 311 35 76 181 138 412 495 54 490 128 209 78 69 428 499 127 195 271 306 236 480 383 89 465 355 359 323 232 368 279 304 109 449 484 468 56 492 477 36 291 143 301 154 242 475 325 101 221 309 331 115 263 7 340 416 129 65 81 123 357 436 312 366 300 255 496 40 315 19 399 122 314 20 351 2 70 166 244 237 262 322 155 73 179 487 213 456 328 165 30 348 286 189 274 385 257 169 429 386 238 302 358 197 250 382 472 97 290 408 435 117 222 252 407 275 372 225 285 140 448 332 479 182 72 450 455 418 333 183 373 32 347 482 247 139 111 171 437 186 47 458 33 431 352 277 132 417 192 42 362 85 299 253 245 404 205 305 150 24 57 198 393 174 142 210 343 432 173 68 82 158 141 136 445 191 220 442 350 107 405 462 80 446 203 26 190 369 403 319 370 434 61 3 125 493 391 67 346 396 421 185 28 367 338 194 463 454 4 34 387 12 208 41 294 440 29 230 378 467 363 425 175 439 39 267 308 126 498 380 406 356 96 113 105 228 31 273 330 58 114 53 488 196 466 336 45 470 397 229 288 452 83 227 457 44 46 9 303 130 201 284 342 75 287 295 476 326 93 259 409 151 110 489 414 167 320 145 84 282 102 375 423 193 71 216 485 339 22 135 66 55 233 265 106 148 235 249 91 10 281 317 473 243 121 410 212 50 149 486 48 178 43 184 353 103 494 21 327 341 90 419 447 258 324 79 474 360 313 168 118 159 52 63 147 389 104 260 451 268 116 415 124 483 200 119 310 376 365 264 384 15 361 226 400 153 133 276 392 239 278 146 199 157 371 354 88 108 177 144 453 469 13 377 241 11 411 402 1 74 62 444 18 92 464 292 95 248 293 270 188 207 234 461 491 223 23 316 261 337 424 427 14 214 134 298 438 426 99 272 51 246 390 289 6 395 269 77 64 307 471 433 335 59 224 25 180 334 500 349 283 164 443 94 87 413 240 202 251 60 345 344 172 329 459 422 112 100 38 297 430 374 211 381 206 98 398 318 218 478 497 170 49 
✅ 362 297 335 277 264 151 42 462 300 305 87 380 1 285 303 278 204 238 185 432 160 187 133 334 59 190 123 49 171 150 309 240 254 183 458 470 43 405 499 18 271 19 224 420 80 286 241 175 480 412 104 181 230 384 51 226 146 112 424 274 498 101 142 481 289 169 75 383 33 468 427 279 263 409 266 261 67 260 166 114 272 177 125 354 444 242 233 30 78 21 495 117 346 443 280 434 442 338 10 164 341 12 22 497 333 350 367 441 382 436 429 231 82 356 127 437 381 26 428 35 5 376 355 293 108 302 265 179 464 157 459 205 211 390 218 31 188 253 325 323 275 126 460 83 243 135 488 132 74 189 25 399 53 290 262 97 258 398 250 84 130 56 489 47 120 29 491 85 96 244 321 357 252 199 4 391 103 372 353 439 326 107 77 268 259 99 408 60 128 28 34 203 308 368 455 149 418 359 65 430 433 234 366 296 446 140 475 37 336 81 172 178 23 173 421 95 229 287 282 456 401 463 330 487 192 337 369 210 228 214 485 46 496 402 249 194 236 415 494 304 144 50 94 311 255 235 392 148 281 461 450 91 98 105 206 438 322 386 39 457 375 138 328 317 492 329 395 393 116 167 486 8 212 109 396 223 193 11 7 431 327 115 57 348 121 276 100 352 232 313 222 298 198 388 306 118 159 370 227 86 180 419 70 88 239 139 301 191 119 111 79 484 387 423 445 469 422 319 44 377 294 200 425 374 3 411 201 295 64 143 71 184 215 124 312 449 397 404 307 273 225 176 472 283 220 110 153 361 493 66 9 154 451 165 147 195 453 270 122 76 389 62 162 69 474 202 500 129 73 248 414 131 379 38 208 360 407 163 466 92 134 349 479 365 2 89 410 36 14 340 17 20 155 161 32 237 72 246 48 314 320 170 102 245 331 342 363 288 400 454 345 417 310 6 476 27 440 448 256 55 247 473 435 219 61 284 465 413 207 299 426 471 93 394 106 213 136 403 347 467 209 216 447 406 332 15 339 364 196 478 52 168 351 490 145 267 221 217 182 186 373 90 315 482 63 416 137 318 291 371 156 13 358 24 324 54 378 158 344 251 477 483 41 113 257 385 269 58 174 141 316 197 45 68 452 152 343 40 292 16 
✅ -920192256 249354567 -1613072695 -1628293189 -1337765847 1643859186 322002243 2080567024 -1034509434 999249095 1940469760 -1046971746 546465100 953883779 2113585532 740610572 -1648552392 1237826091 -956774848 1745700371 760246673 733927821 -1916814401 -2066243649 -1536394438 158503608 636593645 428525994 2053327027 -1837608465 -1814223878 474733702 -1122354235 -35582863 76360011 183698872 -1415702173 1629949837 103439983 2137824537 -569576246 855824655 1006984593 1777519088 916844703 -2144149829 -368763751 456197445 -1345970650 -794099018 1938165226 482387818 385111077 -275773326 -1591755231 -1421505721 1089921818 188406197 787411419 -173126745 1877432358 1263011704 -234878781 1298826784 -253824945 275816978 1968769037 -1475687445 92899274 68438332 -1191869798 -159116053 -1682135930 1283173482 1663227195 -2118045973 577088398 -1859750098 1037070388 -449779701 118900653 -283641985 -1989937780 1992596551 114477704 71419577 -855009474 -1457002626 909803672 635214650 -875511794 -56416870 1027598334 2122394242 -1040321540 290874172 904892171 -1556321078 -2068129673 199624405 -379379366 312330185 1002319619 -716071073 -1290620892 1970429930 -2062035245 831304161 97102684 -863436735 2022400352 -370955687 -1595981683 -890759717 -429290000 1147258861 1050697896 586854483 232116591 -551993266 1505948884 1484684762 -726228557 2032945398 1942325814 1605023835 -536106328 -2055306827 440701443 -1784848388 1725638316 -1903531083 1691451605 187652006 -803004342 1044987817 1141512229 -2102653741 1772672460 -972562410 -1076301745 -1432843378 -487856239 827762516 -1711748075 -1990262311 481615087 1658150731 1531608507 487012563 427915227 -605338687 149267264 -1859148309 1946954216 1841603281 1735959085 -1727240794 -1050456302 -230937201 -1903430644 -1202613451 -741284993 430697621 700652251 -1282548002 1343449810 1543718479 -1076702379 -1953318413 -200620144 457209228 1279210829 -318229774 1351745565 -1969380798 -379474456 1160636572 1816398435 249049607 -1575677324 1756611708 1100189927 -1284740925 1788992094 2136175703 759990760 1459101536 1268659806 -1297912986 -1952714598 -1430060093 1228931991 1460695254 -1570066259 -1515552461 1209975236 -931209027 -566369421 -573777469 -47032101 337890873 541892756 -1184192235 -431713154 -1166718949 -1939043965 -403187006 -1356775090 1587748763 90039292 -1423953449 -898928800 -684383653 154916144 -181910035 1468374687 -636433038 168811659 2050835705 -1651845655 -757550813 -639112736 -1067161720 -479142557 1729317322 -1553593187 -1978555788 1467628761 45702045 941946640 213354769 -932586417 1912902822 -810744305 -507697054 1821742863 541566306 -2050661013 -1564609646 -929610912 315180868 -487323571 -703236245 -667088093 -39186060 -123625982 -2068518139 504501520 -1138232475 1660423970 -762583800 -2142407684 1509378464 1893583000 -1094754929 -71141552 -280285187 -1723279649 -1584884131 2034191998 1396481794 -998259457 -1143402651 -198502449 847448076 64239015 -203398920 150857287 -808566081 941772386 -559925834 1697222602 1414873127 -2106448586 -1177653205 -1271179125 -1102165756 -943552267 -1862115713 1960138124 -268246724 743151548 157797513 -619638755 502244055 411835861 -1547410052 959089812 -640182069 1917506434 -421564486 556810894 1178281560 -42776288 -1815331641 1665974367 -904322842 2115739918 2111637341 -533267899 -1098845586 1236587254 -125384368 1045491299 1979970877 -262975929 420118000 1722298759 -473615115 -1317526907 -856716198 -991563865 -174925530 -1904439847 -560602256 1994584310 -1038918815 -1217769990 -1328200861 1369165840 -1942776605 -802893987 -1971494998 -412128166 1181267331 -794283239 -1849399472 -1495896624 -898159648 633598182 -1525256978 401003201 -1583924202 1962296910 1649162037 -2012862108 -1632860788 964065779 -687943392 -1095587730 -536919827 -1258984960 -457183234 -1483461467 -181085354 803592965 911675145 -801846342 -1911881365 152183907 453292337 1286559239 -667847314 -38729729 1149979355 864142508 -1556443000 565434937 -527582482 879749333 113724716 2032180464 -993489103 -30728894 -1631894851 -113976305 -950771426 -2127266706 -1583968249 1351034212 214377157 -1114755311 2039808303 -399424919 -1009165108 -1191101654 1884542616 -1736631179 -451224912 -150694968 1823076555 -937028888 2109417146 556778472 270987026 -1771355351 245965535 248788624 -2105769500 1671895615 1670780327 -1668957912 -190828560 -1740229010 -1763168437 1365552234 78195775 -947710565 -1328982064 -449778745 1884973880 -720998358 -1338122873 -1008671858 -1890764212 924509233 -1108858122 322588114 1094649367 596029829 -527756057 1817000438 611890397 -1397198677 -1693389602 -874917195 -172440705 1942351632 1361429636 -542586909 -1884541617 2064516536 879322433 -1458691235 -1717215845 293546165 373159531 163352121 568737485 -40409240 2071654650 -1763520 -918010493 -251578907 -1652959194 175280544 -437895239 1456336447 -1137716296 -1972210096 919001553 1058745914 -699848039 -305152440 1324207117 7911764 1012591602 1471891839 892152715 2113967690 -840561534 1465961585 1552701719 -124913683 -1374424698 -536329415 578465513 -1070078520 1921953590 -1008421424 -1174976582 1807937221 -595625921 427647811 -1468194641 -601630747 -2143009644 616833841 -804707351 328537823 244444072 2109847046 -1093296089 -1713962876 -24165291 1345659615 1487801499 2037914375 -687813903 -1498505826 -2027855982 413347838 -398168463 368505733 -616738643 -966488278 1777333936 -1841701906 -813752947 1483521424 -1096344480 -935126534 150407494 -1639560221 2142592366 -1952675656 -187871307 1205960390 -1328876535 
✅ 276 393 2 336 497 471 426 33 69 189 32 251 425 118 7 481 386 50 421 18 456 469 197 250 416 55 110 281 491 462 114 140 404 314 282 303 129 467 478 167 240 412 24 66 124 132 46 297 431 185 294 413 178 131 337 323 408 288 402 230 442 103 394 454 70 165 120 150 327 40 173 486 84 191 83 429 113 492 216 344 320 238 258 441 358 306 365 311 12 356 351 468 378 105 57 359 335 277 211 98 213 138 274 179 204 494 206 190 457 134 342 266 65 71 171 261 38 219 403 93 225 302 341 217 29 107 422 459 253 147 318 458 188 375 449 315 97 313 194 42 477 310 133 382 338 298 22 202 400 148 385 15 8 139 62 244 257 246 153 200 295 20 158 353 411 263 430 269 101 35 433 1 85 95 496 405 155 354 195 369 26 362 414 417 193 308 340 398 434 239 379 333 420 56 87 401 176 453 330 207 465 186 23 232 231 117 13 43 447 432 475 82 149 474 316 78 500 223 260 285 247 480 406 166 270 235 10 14 466 455 172 464 174 304 89 284 215 254 291 439 273 145 360 201 352 159 45 73 415 221 229 116 280 451 399 196 6 199 53 241 152 448 371 309 214 493 9 106 350 450 60 226 104 376 4 387 11 41 151 121 52 25 473 363 347 487 128 227 437 312 177 74 17 445 91 218 102 268 37 495 96 410 452 489 125 498 329 31 377 243 5 366 39 485 164 392 345 331 389 296 99 127 203 463 156 175 108 94 482 170 419 301 476 157 275 289 209 272 388 472 355 427 61 325 436 75 321 224 51 324 346 368 444 187 267 488 271 460 36 162 54 44 435 79 208 64 483 372 279 380 27 384 286 499 293 390 68 49 144 130 484 292 348 34 322 424 28 328 30 222 115 119 76 143 339 256 470 48 374 90 137 161 262 397 248 283 252 180 135 16 47 67 21 210 183 233 234 349 334 395 205 407 479 122 154 373 3 220 169 245 381 242 357 92 383 326 58 72 59 440 142 364 19 418 141 299 146 255 212 123 461 264 438 428 86 80 236 367 361 160 287 319 343 446 182 396 259 111 109 423 278 198 249 88 317 237 409 490 305 181 391 63 112 443 126 265 163 77 192 370 81 332 184 307 100 300 290 228 136 168 
✅ 2009818783 1403317158 -1021937782 1057868949 105193629 -1068249158 127107279 1009864436 -1522127105 1930251012 1440379732 -621432993 -1492577753 -1909895728 2003832096 114367280 -986227678 381423460 -94629705 -1999466263 -221273216 470434549 344023696 -867614788 1226139920 856384030 2121418026 500793960 1207006718 1863016629 931943241 546113587 -434073028 -632470896 -1235130546 -996937119 89934676 -1780210196 158632235 -799445266 67860080 -876751147 -507240342 -1976654175 603571697 -912906593 1865750791 838070364 -942599392 -1020683758 -1579814168 1489084613 -856619840 -94221683 543578952 1414961672 1974302490 962278652 1290004812 37805519 107349371 2089396786 1390509090 2007413922 -1746880191 -2029580714 523435514 860663975 139500867 29510610 950017250 923709424 598582902 534953697 -1189926672 235564223 1237297739 1140855619 -1468256232 1519152966 -366032099 -1377020992 1866030656 1281860741 833459625 -23882336 2054123744 1399392146 -1931998711 -874129154 -815735297 -1319251795 343476940 1298718483 113556141 -1995022117 1609432160 -820586623 58420471 2112577331 1865155461 1491100305 1052484104 1847581469 1789851018 -106539290 1179488286 920713277 -767083604 -1469167975 32518581 519158622 -1115645961 -490475001 -1975090196 -233406435 1174301358 -1721756905 -684095228 948240795 -42679612 -1299640265 -70322069 793373584 -974498780 1099066483 -1410925719 -509278767 -125762518 -1868655360 -880138160 1857807172 -58284490 -1643515108 -1408443957 -1761649125 -1834475180 21346578 -638828401 -1433224627 -607446114 -435494808 -1186681436 -285971144 -1750415589 1401493964 -840396704 320905705 -259953233 715034023 -112949418 1489565083 467175568 -1497638823 -1524604424 -1817720538 -115960263 -514617891 -39121644 360999072 -1994487162 1666141902 -2003172117 -97088688 1939446483 -1071697706 -1769423329 1223331859 -1997296932 -709005978 1756561840 -901001645 118647364 -1905326832 208384417 1232784171 582243316 -30940152 1554153963 -376050240 467727655 43484152 1795676800 -1478574659 -1815676629 -694726307 1201806461 2040147144 291265704 1404980343 573016690 1812967590 -620945397 504336055 1584123662 1010785830 -921733851 755736439 1760347335 732615296 -971568028 2001150877 -1641409375 23270515 921195941 861926379 -1131743399 1972372336 -1876068605 1613025459 440374606 566174799 2112853038 -885173409 261202480 -1747239227 -1363415893 1239726136 218432313 1386688546 -1716840630 2049999830 -897583861 -576309 146421803 -91694835 2058315585 -1148343977 -47592719 83228295 -456974116 -357656413 -301632857 1816487192 1448217386 -1110140648 332936211 -960140826 1219244973 -45569804 -71277860 -1614502343 1169940267 -1775115719 938234284 -762142528 1514601565 -810075125 1853758061 257489272 -1659510586 85491145 175645602 572563466 -1597692470 -101908997 1895854261 -2106274106 -725848663 -1929106037 -1382367210 2075139244 -1792348154 -250669620 -1338967675 -1968417669 -984360151 1834690217 -1720487679 -1078421321 1462493990 -722249978 -204351558 526031411 1139937058 -1237070094 2083242930 1151228167 1609752841 -545252726 29123360 -1442653761 184984114 1870350477 -1930803801 1030423964 -206124811 2139662766 -1878733781 -1948533803 -2106654824 -1186702023 -970967534 -1571979201 -732178598 -1154745614 -174634930 -388150461 1830695992 1171169741 -811138397 -1265688404 -311635939 855379261 -746103289 1215049811 -2134009706 -532278283 182608857 1442386603 -1793886063 1707796072 1876873612 -591312468 1815867492 -1338251590 -522176743 1931842285 -1259946722 1566010455 -638153447 -794632901 1484595671 1030965311 1377162347 -1478298783 -281781453 -243938582 -1596005518 1109879495 304542552 1532906763 -596815005 51576315 1791630048 -1766148066 1069308207 -860435715 -205865651 1529666192 -1897421689 -954471706 1579439273 -127961725 -2034001505 1256022354 -660448795 1331550742 -1895172518 1503384250 1374846876 -799672843 -263664862 1531249657 1076000475 -425856465 -1937029544 777589769 1013390022 -1440166383 -128062619 -30897505 507742444 1519133010 774871338 -969061328 -12066880 572825681 1244617770 -1265639396 1113638408 -963875603 -1838533778 1623810449 462952004 -1219186265 -430191727 1695228103 1347745886 1205086700 1754144697 587416905 1879113170 -1141613936 239910063 1090575302 -1546068534 -1213964152 -762765502 -1832928327 573041107 1235874437 377675328 -787555000 233563418 1744374214 -686592195 -733036355 165559578 1185646279 -956869931 1898674817 503055978 -100467213 446572831 -2037847208 -1207841832 1448723128 29642690 318866732 185730125 -316675328 610719461 -526965403 -888600356 1662976118 2090307803 1308222631 1677139989 711336262 766465396 551591164 1935455050 -1686767989 1577142438 1604831326 -1103498811 -1452219479 -447083881 496332769 114475185 -2045014108 2029846196 -113686575 534532571 487404411 -1160278481 -753172308 -491816425 463813254 1408066959 -945956423 1814246152 1599065841 520354445 -960590294 -296557580 816782704 -1438513913 -99199616 203011565 -1830048426 -1593302586 129886672 -1022411830 -546659660 -535999051 -303141520 -2044993002 1653298997 1662427677 -45836374 -1720549796 -1054247303 -304809253 -1830310 1984402913 1576422753 1602240878 -1970941108 886504608 -1507134390 -1313804806 -1282299426 556905532 345735198 1988860396 -2012208915 -1257786048 414981570 1809773347 -2065985156 452418451 -1791814317 -1299001720 -1397166173 28213770 409708897 1067967934 2074563416 -1141373713 -1626094575 1871382627 1586891864 -1971045601 2097893022 36027523 1606416948 -1938554977 2027142469 
✅ -1669235580 1001142310 605677656 326523557 1196508303 -1975148001 -1407154432 -846147655 -481799276 -1169277480 316000918 1418682654 -251715036 -185575339 1911226527 50261532 597030242 832239260 1029469986 1717835367 -1585970424 1117544936 1077472503 1169956444 1923248500 1807846159 -1230303529 -1006644306 -540716193 -962814774 652645511 1992957847 130119171 2128884639 605318174 -406127134 -1672403836 -1328219951 716989800 -357688761 808706713 202111173 1822577190 -1043157542 1683620189 -844419820 2097045464 -7834900 -1134648575 1341443597 -707859198 -1277135596 -157107811 -954647278 1564643323 -1514744429 914897068 1373308746 23445349 791110946 999913293 1454011956 213637452 1828053357 1887678130 1567168443 2071571516 848822255 1821467957 -1228004988 -134866245 -1785665898 1088957456 -220661230 886750830 -1180787873 1183076123 630704591 84774924 1942390593 160248959 -131794397 1391323596 1791790614 1309840263 -168171404 -104983127 -1026771904 -1237991518 -684160755 162622211 235303366 -184331492 1036909905 -1028080897 1435590291 -696783799 111478897 917357117 2046930326 -1405734222 -257889692 -1296714286 2046137942 1958545424 246226314 -951340008 -580403925 -1516854856 -896376393 -2071575864 -1549600416 -951808515 1161355025 -305655564 -28038232 -2071590068 -1296762699 267882168 1731526774 -1047059008 -533205551 1977354560 1717569180 27690609 -112637137 510616396 1134768382 -823073246 1672102384 -497629487 -634757558 -242133722 171091959 -1028791277 -255785812 1899801036 1955110453 33814707 -1656664988 1879472523 -2120182837 1151077823 -1157593242 -2085718315 60188268 182687653 -2110176361 1978234857 -856674313 1576385140 1125570591 -1569529704 62677815 -217497057 1279613115 1936312844 -215197923 -1730822649 -1220286479 1131124661 -1714464661 -1550262119 294602270 690345017 -796236232 -1099881894 -2105436280 -379466875 245528811 -841452519 -201610126 1157622406 -1442910792 -576854977 -454356328 1883501381 868429368 -264783941 597751954 1117300691 77083335 1789042529 -1472193539 -220722119 1107775772 -1248761903 -1113766049 -1549814114 1807121719 -1199088659 155981770 -476994527 -1418254871 -1885664958 1389377033 1570799773 2001570610 1901170031 -407953001 1488364382 -2102201763 -817976488 1163985162 -1867357785 -1656156664 -229691735 -1122896564 -2091776637 1132479682 1749628553 824410463 1377009045 -20933932 -286428623 1341034589 1922351447 -982624379 1821805126 -1871646212 -2076509712 -751077194 -647534612 1641221670 -374992123 -2131824142 -309742387 -495825520 -1787344714 -855476846 -1957322754 -2049548845 1954865472 1912807834 706907506 -1315943139 -1068538330 846137651 1135649243 1198345940 1871116623 -1703748622 327425799 -77722976 1984732554 1369417535 -1782872120 -27016885 -1438029130 904881030 657100671 -1753636539 -2048989193 -1890180594 -1863231069 420223438 1607986808 1656243019 2088119856 679158632 71188440 -1080487119 233325654 636423912 -1847756033 -1758148041 1575535178 -1583686222 -165926487 -1685730195 -1879989225 -280155414 -283458509 -1239298923 -238524838 1962427546 1496875957 -1288533633 493884558 1475507977 182970708 -1052713341 -402394076 -1272556916 -208205272 1592272173 1318292886 -767833213 -276177572 2063347104 -611604284 2054752528 -856226523 -180897646 -205802484 1100924845 1374245159 -381590723 43558865 -891049854 1523118247 75117129 950886131 847878111 -53382185 -725904644 -709936219 -876584545 -667402343 974333390 -1531217927 -138241339 328351337 7671733 781172434 536891171 -1426244517 1167062942 693844296 794300683 -1833926324 -1260233729 163549127 -908185296 1376401551 -1277391295 -1323633373 1791635080 496121293 -1240315835 -1958863206 1716894852 -2014060930 1543251608 -1461084187 1170580913 -198359932 67076188 802872290 -408198669 1743723536 -2095490731 939925530 730376301 -1921374157 -772363784 811542522 -1794264839 98028130 -1538457073 -1447646271 418182149 207395794 2053054321 1965995009 -2006387904 994180293 -1288923302 303212840 1353713510 865185681 2015094248 -1512812213 43196575 -1934354683 -1601935783 1373505917 -1237798358 930486338 1195431962 -1674000301 1933212254 -1470989045 -1162354136 -267088904 458952589 330021795 167314643 -1739070450 362966615 1530352652 1580469048 2041680496 1811516789 811907517 726713364 -604412067 905098126 1014550830 428767873 1050130448 -1193493575 1404731486 1581913032 -1587473868 -2002241612 1876858801 -750441912 -781172972 1659936620 -1676104508 -725266356 -492832139 -356615417 -948812572 1110777206 1347665654 342918913 -657602149 -150254922 552375009 286791386 234763068 1518827101 -730609619 -1259838050 1050608157 821427177 1054521508 1792131630 1280069647 1923018586 -187011769 -1642654425 639592355 -1483564344 -1308552709 1511707045 -529166421 -553889287 -1253549432 2004684553 -1593612503 289666011 1490069624 1515633058 751079974 -1637322912 -1169002137 -496190717 -483666298 -1613670886 -1252409891 1250063532 1193558436 -1020092593 -916284752 -1174562595 1084338873 -2054889060 -111766861 518062783 1254126818 -322188003 -121951083 1162741759 203306941 1147135836 173562940 1883799466 1376041389 -1268873130 346141404 943159473 1554189662 -1303631540 -1709915596 1107640329 678569647 40811932 -1829983212 651529920 -1894598390 -133778979 1462466368 -1119908344 1974943753 887093477 484313834 -2017612648 278665241 -1989946957 -1767509005 776474861 1919440383 -1664025366 42181817 -1030478564 172480052 -1904007886 -1105127501 1938050593 1322613828 -1859496118 469872969 -448540541 1088078182 1332982240 111546265 1388985690 
✅ 186 393 484 21 448 290 26 385 118 150 418 327 337 45 427 75 449 222 251 476 249 139 149 447 214 415 109 159 203 397 279 494 318 53 349 383 303 294 55 313 309 50 381 228 163 311 357 218 410 103 260 468 316 500 123 115 425 188 110 165 438 93 176 453 388 25 107 95 91 288 174 183 71 463 297 278 169 209 56 326 456 252 226 137 366 495 85 274 325 180 231 257 329 23 262 467 102 296 416 213 374 120 457 129 471 161 442 474 58 434 272 358 236 491 345 433 430 340 386 436 472 219 291 204 122 333 444 63 205 155 487 421 267 64 315 68 478 212 310 399 465 498 77 66 175 130 67 142 301 299 287 157 258 52 490 28 199 238 480 268 11 369 47 140 365 36 396 479 305 57 124 100 452 135 19 302 3 5 445 125 30 17 192 400 44 153 475 39 131 283 282 496 37 277 76 51 499 378 35 387 293 459 224 352 82 405 259 1 138 364 128 134 72 119 229 89 284 194 196 60 168 312 207 286 246 18 255 33 407 182 319 403 379 99 384 419 13 348 88 201 20 346 197 38 390 355 206 191 43 485 395 250 193 160 98 347 9 144 331 244 435 332 112 375 146 190 210 24 173 233 49 373 59 466 179 62 265 74 356 371 451 34 86 298 401 320 269 273 6 87 90 271 253 42 350 488 408 289 428 105 8 308 446 440 372 426 22 151 455 450 362 404 351 92 48 317 136 158 145 414 80 12 177 16 81 208 225 307 398 117 126 133 216 437 391 392 221 200 342 94 4 413 380 304 263 211 240 411 270 101 323 116 370 217 54 108 412 164 335 343 172 242 280 470 376 162 2 106 114 141 489 220 361 336 170 295 84 322 41 32 483 148 493 189 292 409 132 111 353 167 171 402 65 389 96 338 14 166 40 406 223 454 79 367 422 178 27 276 31 248 73 147 300 477 321 344 152 492 261 61 70 127 247 360 202 354 324 339 243 330 469 328 281 458 314 245 227 113 482 420 464 78 121 462 230 10 363 461 156 431 264 285 195 29 232 181 256 441 266 235 187 275 198 460 417 473 377 359 486 368 15 306 239 215 443 143 341 429 46 254 394 237 83 481 234 432 69 97 185 423 241 382 497 424 154 334 104 7 184 439 
