==4025009== Memcheck, a memory error detector
==4025009== Copyright (C) 2002-2017, and GNU GPL'd, by Julian Seward et al.
==4025009== Using Valgrind-3.18.1 and LibVEX; rerun with -h for copyright info
==4025009== Command: ./push_swap 365 222 330 302 5 205 107 344 13 379 69 409 308 91 393 42 199 317 23 407 108 271 454 123 451 272 442 7 219 179 15 251 367 399 278 464 141 313 130 315 129 466 340 238 64 291 40 462 390 22 178 294 50 479 431 236 99 239 237 30 71 62 482 86 47 80 303 413 322 444 351 420 267 197 101 32 253 72 131 116 437 382 309 258 282 432 148 280 465 56 306 472 286 288 480 436 4 461 266 254 202 247 389 174 450 337 402 495 246 233 195 79 373 459 387 357 218 173 381 90 304 485 66 301 470 452 418 386 124 425 158 181 115 186 235 125 490 20 188 28 163 44 55 194 100 463 223 6 370 229 440 371 297 117 292 215 144 380 422 341 438 372 74 426 494 68 211 360 184 162 429 104 275 210 489 146 61 347 314 277 191 488 323 392 311 21 406 468 212 216 11 31 96 295 228 150 363 307 230 171 484 433 342 85 226 498 439 231 453 93 333 143 447 476 137 276 408 274 338 109 172 416 34 410 193 166 142 46 343 334 92 331 273 169 54 37 76 208 435 2 316 467 58 147 185 355 157 241 497 448 361 164 260 268 283 14 264 493 362 87 404 106 414 9 192 270 89 187 395 296 48 474 384 165 250 132 201 126 196 356 189 200 121 417 269 255 159 397 138 469 400 359 483 118 206 388 120 170 383 49 403 424 378 348 57 53 443 134 70 428 375 325 213 477 43 478 207 423 63 262 263 298 67 293 401 18 133 119 256 182 38 411 336 369 243 176 1 352 257 127 29 285 111 412 312 339 249 446 500 113 332 487 180 151 445 227 245 139 327 75 499 161 354 220 155 78 396 248 475 45 214 12 154 473 405 265 95 39 8 349 24 391 328 98 457 140 168 481 27 419 324 232 261 374 26 73 35 83 81 456 345 135 65 16 82 299 167 17 160 225 434 204 153 398 492 449 221 353 329 175 491 289 41 105 471 259 152 455 52 320 310 145 415 346 234 284 224 217 177 122 430 385 112 427 460 190 366 300 486 183 19 244 421 319 368 242 110 290 203 287 59 394 198 326 25 10 364 252 88 458 377 156 358 318 240 281 51 36 77 321 60 128 102 496 335 376 97 209 114 103 3 279 94 136 33 441 305 149 350 84
==4025009== 
==4025009== 
==4025009== HEAP SUMMARY:
==4025009==     in use at exit: 0 bytes in 0 blocks
==4025009==   total heap usage: 1,503 allocs, 1,503 frees, 26,024 bytes allocated
==4025009== 
==4025009== All heap blocks were freed -- no leaks are possible
==4025009== 
==4025009== ERROR SUMMARY: 0 errors from 0 contexts (suppressed: 0 from 0)
